species Alpaca Armadillo Cat Cow Dog Dolphin Elephant Guinea_pig Hedgehog Horse Human Kangaroo_rat Manatee Megabat Microbat Mouse Mouse_lemur Naked_mole_rat Pig Pika Rabbit Rat Rhesus Rock_hyrax Shrew Sloth Squirrel Tarsier Tenrec Tree_shrew
chr1.16156 0.96875 0.95625 0.95625 0.9375 0.91875 0.975 0 0.9125 0.8875 0.93125 0.95 0.90625 0.95625 0.95 0.925 0.90625 0.95625 0.9 0.9625 0.95625 0.94375 0.9 0.95625 0.95625 0.9 0.9375 0.91875 0.93125 0.91875 0.925
chr1.16157 0.978260869565217 0.971014492753623 0.985507246376812 0.985507246376812 0.963768115942029 0.978260869565217 0.788461538461538 0.920289855072464 0.985507246376812 0.891304347826087 0.956521739130435 0.949275362318841 0.985507246376812 0.992753623188406 0.971014492753623 0.949275362318841 0.971014492753623 0.956521739130435 0.978260869565217 0.956521739130435 0.956521739130435 0.949275362318841 0.956521739130435 0.971014492753623 0.949275362318841 0.985507246376812 0.949275362318841 0.956521739130435 0.978260869565217 0.971014492753623
chr1.16158 NA NA NA NA NA NA NA NA NA NA NA NA NA NA NA NA NA NA NA NA NA NA NA NA NA NA NA NA NA NA
chr1.16159 0.957446808510638 0.962162162162162 0.702702702702703 0.914893617021277 0.962162162162162 0.930851063829787 0.87027027027027 0.848648648648649 0.881081081081081 0.940540540540541 0.918918918918919 0.913513513513514 0.951351351351351 0.92972972972973 0.886486486486487 0.884816753926702 0.898936170212766 0.891891891891892 0.924324324324324 0.913513513513514 0.956756756756757 0.890052356020942 0.879581151832461 0.848648648648649 0.897297297297297 0.962162162162162 0.957446808510638 0.918918918918919 0.897297297297297 0.913513513513514
chr1.16160 0.941558441558442 0.948051948051948 0.928571428571429 0.902597402597403 0.935064935064935 0.915584415584416 0.87012987012987 0.922077922077922 0.915584415584416 0.757062146892655 0.961038961038961 0.922077922077922 0.961038961038961 0.928571428571429 0.909090909090909 0.941558441558442 0.967532467532468 0.928571428571429 0.948051948051948 0.922077922077922 0.954545454545455 0.954545454545455 0.974025974025974 0.909090909090909 0.876623376623377 0.961038961038961 0.980519480519481 0.954545454545455 0.922077922077922 0.954545454545455
chr1.16161 0.974489795918367 0.98469387755102 0.974489795918367 0.989795918367347 0.98469387755102 0.979591836734694 0.938775510204082 0.954081632653061 0.959183673469388 0.547692307692308 0.964285714285714 0.954081632653061 0.994897959183674 0.969387755102041 0.948979591836735 0.938775510204082 0.974489795918367 0.954081632653061 0.98469387755102 0.948979591836735 0.959183673469388 0.928571428571429 0.979591836734694 0.964285714285714 0.928571428571429 0.969387755102041 0.989795918367347 0.989795918367347 0.979591836734694 0.969387755102041
chr1.16162 0.972413793103448 0.972413793103448 0.958620689655172 0.944827586206897 0.958620689655172 0.993103448275862 0.944827586206897 0.944827586206897 0.917241379310345 0.897260273972603 0.944827586206897 0.944827586206897 0.972413793103448 0.979310344827586 0.944827586206897 0.951724137931034 0.951724137931034 0.944827586206897 0.972413793103448 0.951724137931034 0.944827586206897 0.951724137931034 0.937931034482759 0.937931034482759 0.889655172413793 0.979310344827586 0.931034482758621 0.958620689655172 0.944827586206897 0.972413793103448
chr1.16163 0.974789915966387 0.848739495798319 0.941176470588235 0.941176470588235 0.957983193277311 0.941176470588235 0.888888888888889 0.949579831932773 0.932773109243697 0 0.941176470588235 0.915966386554622 0.957983193277311 0.907563025210084 0.92436974789916 0.873949579831933 0.915966386554622 0.957983193277311 0.974789915966387 0.915966386554622 0.899159663865546 0.882352941176471 0.949579831932773 0.957983193277311 0.932773109243697 0.915966386554622 0.957983193277311 0.899159663865546 0.890756302521008 0.949579831932773
chr1.16164 0.959016393442623 0.975409836065574 0.950819672131147 0.950819672131147 0.934426229508197 0.936 0.868852459016393 0.868852459016393 0.868852459016393 0 0.918032786885246 0.901639344262295 0.975409836065574 0.934426229508197 0.926229508196721 0.885245901639344 0.959016393442623 0.909836065573771 0.950819672131147 0.92 0.88 0.868852459016393 0.942622950819672 0.950819672131147 0.868852459016393 0.967213114754098 0.959016393442623 0.918032786885246 0.934426229508197 0.909836065573771
chr1.16165 0.958762886597938 0.969072164948454 0.927835051546392 0.969072164948454 0.927835051546392 0.958762886597938 0.929292929292929 0.979381443298969 0.907216494845361 0 0.969072164948454 0.948453608247423 0.927835051546392 0.907216494845361 0.969072164948454 0.927835051546392 0.938144329896907 0.969072164948454 0.969072164948454 0.917525773195876 0.948453608247423 0.88 0.969072164948454 0.979381443298969 0.876288659793814 0.917525773195876 0.938144329896907 0.948453608247423 0.948453608247423 0.948453608247423
chr1.16166 0.972222222222222 0.922222222222222 0.938888888888889 0.922222222222222 0.933333333333333 0.955555555555556 0.894444444444444 0.872222222222222 0.911111111111111 0.833333333333333 0.955555555555556 0.883333333333333 0.916666666666667 0.922222222222222 0.916666666666667 0.872222222222222 0.905555555555556 0.9 0.944444444444444 0.894444444444444 0.9 0.883333333333333 0.944444444444444 0.916666666666667 0.922222222222222 0.944444444444444 0.888888888888889 0.894444444444444 0.905555555555556 0.916666666666667
chr1.16167 0.935606060606061 0.943181818181818 0.90530303030303 0.90530303030303 0.916666666666667 0.920454545454545 0.920454545454545 0.931818181818182 0.875 0 0.935606060606061 0.893939393939394 0.935606060606061 0.935606060606061 0.943181818181818 0.890151515151515 0.954545454545455 0.909090909090909 0.920454545454545 0.924242424242424 0.877777777777778 0.883895131086142 0.935606060606061 0.901515151515151 0.878787878787879 0.935606060606061 0.935606060606061 0.920454545454545 0.850187265917603 0.917602996254682
chr1.16168 0.938775510204082 0.927113702623907 0.895043731778426 0.918367346938776 0.897959183673469 0.938775510204082 0.840659340659341 0.886363636363636 0.871720116618076 0 0.903790087463557 0.798295454545455 0.932944606413994 0.918367346938776 0.918367346938776 0.832386363636364 0.918367346938776 0.886363636363636 0.93002915451895 0.87463556851312 0.838150289017341 0.838068181818182 0.897959183673469 0.927113702623907 0.865889212827988 0.927113702623907 0.880681818181818 0.915451895043732 0.900874635568513 0.918367346938776
chr1.4977 0.99236641221374 0.954198473282443 0.977099236641221 0.946564885496183 0.977099236641221 0.969465648854962 0.852112676056338 0.938931297709924 0.916030534351145 0.870229007633588 0.969465648854962 0.923664122137405 0.969465648854962 0.961832061068702 0.946564885496183 0.931297709923664 0.969465648854962 0.969465648854962 0.954198473282443 0.961832061068702 0.954198473282443 0.916030534351145 0.961832061068702 0.946564885496183 0.923664122137405 0.961832061068702 0.954198473282443 0.961832061068702 0.900763358778626 0.954198473282443
chr1.4978 0.96 0.97 0.96 0.95 0.97 0.95 0.7 0.97 0.96 0.92 0.94 0.94 0.9 0.94 0.97 0.96 0.96 0.95 0.98 0.91 0.95 0.95 0.94 0.93 0.93 0.98 0.95 1 0.93 0.94
chr1.4979 0.919191919191919 0.898989898989899 0.898989898989899 0.929292929292929 0.929292929292929 0.929292929292929 0.878787878787879 0.898989898989899 0.909090909090909 0.878787878787879 0.96969696969697 0.878787878787879 0.909090909090909 0.919191919191919 0.878787878787879 0.909090909090909 0.94949494949495 0.929292929292929 0.929292929292929 0.868686868686869 0.909090909090909 0.929292929292929 0.95959595959596 0.919191919191919 0.888888888888889 0.909090909090909 0.858585858585859 0.929292929292929 0.888888888888889 0.94949494949495
chr1.4983 0.956521739130435 0.949275362318841 0.920289855072464 0.927536231884058 0.891304347826087 0.920289855072464 0.876811594202899 0.927536231884058 0.891304347826087 0.920289855072464 0.91304347826087 0.949275362318841 0.898550724637681 0.905797101449275 0.934782608695652 0.869565217391304 0.949275362318841 0.927536231884058 0.949275362318841 0.91304347826087 0.920289855072464 0.869565217391304 0.91304347826087 0.920289855072464 0.905797101449275 0.949275362318841 0.949275362318841 0.934782608695652 0.949275362318841 0.985507246376812
chr1.4984 0.946428571428571 0.909502262443439 0.891402714932127 0.904977375565611 0.904977375565611 0.945701357466063 0.0678733031674208 0.868778280542986 0.891402714932127 0.886877828054299 0.963800904977376 0.886877828054299 0.936651583710407 0.932126696832579 0.941176470588235 0.873303167420814 0.945701357466063 0.891402714932127 0.941176470588235 0.909502262443439 0.868778280542986 0.864253393665158 0.959276018099548 0.914027149321267 0.886877828054299 0.963800904977376 0.923076923076923 0.941176470588235 0.895927601809955 0.927601809954751
chr1.8117 0.94205298013245 0.932454695222405 0.938435940099834 0.925124792013311 0.926788685524126 0.953410981697171 0.870491803278688 0.910596026490066 0.906821963394343 0.920133111480865 0.926788685524126 0.879139072847682 0.927512355848435 0.91846921797005 0.933444259567388 0.885191347753744 0.956738768718802 0.907284768211921 0.928452579034942 0.897858319604613 0.915141430948419 0.888519134775374 0.923460898502496 0.915562913907285 0.895695364238411 0.952224052718287 0.926788685524126 0.916805324459235 0.911813643926789 0.931780366056572
chr1.8123 0.96875 0.9125 0.91875 0.94375 0.90625 0.95 0.5 0.9125 0.9125 0.78125 0.95 0.91875 0.975 0.9375 0.91875 0.90625 0.909638554216867 0.925 0.96875 0.88125 0.91875 0.9 0.94478527607362 0.91875 0.925 0.9375 0.9125 0.925 0.86875 0.89375
chr1.8124 0.920454545454545 0.977272727272727 0.977272727272727 0.886363636363636 0.965909090909091 0.920454545454545 0.909090909090909 0.920454545454545 0.875 0.931818181818182 0.977272727272727 0.931818181818182 0.954545454545455 0.920454545454545 0.920454545454545 0.943181818181818 0.965909090909091 0.954545454545455 0.965909090909091 0.852272727272727 0.943181818181818 0.909090909090909 0.977272727272727 0.943181818181818 0.943181818181818 0.931818181818182 0.943181818181818 0.988636363636364 0.886363636363636 0.988636363636364
chr1.8125 0.991452991452991 0.982905982905983 0.991452991452991 0.991452991452991 0.991452991452991 0.991452991452991 0.722627737226277 0.854700854700855 0.991452991452991 0.136752136752137 0.991452991452991 0.974358974358974 0.991452991452991 0.982905982905983 0.991452991452991 0.974358974358974 0.974358974358974 0.888888888888889 1 0.991452991452991 0.974358974358974 0.982905982905983 0.982905982905983 0.982905982905983 0.991452991452991 1 0.974358974358974 0.991452991452991 0.837606837606838 0.991452991452991
chr1.8126 0.989583333333333 0.96875 0.96875 0.9375 0.927083333333333 0.94949494949495 0.895833333333333 0.90625 0.9375 0.90625 0.9375 0.958333333333333 0.947916666666667 0.947916666666667 0.9375 0.885416666666667 0.96875 0.927083333333333 0.958333333333333 0.90625 0.916666666666667 0.895833333333333 0.927083333333333 0.916666666666667 0.9375 0.979166666666667 0.947916666666667 0.958333333333333 0.916666666666667 0.927083333333333
chr1.8127 0.982758620689655 0.922413793103448 0.948275862068966 0.939655172413793 0.982758620689655 0.956896551724138 0.508620689655172 0.922413793103448 0.931034482758621 0.913793103448276 0.991379310344828 0.948275862068966 0.96551724137931 0.948275862068966 0.931034482758621 0.931034482758621 0.974137931034483 0.956896551724138 0.96551724137931 0.939655172413793 0.956896551724138 0.896551724137931 0.982758620689655 0.956896551724138 0.913793103448276 0.939655172413793 0.931034482758621 0.956896551724138 0.905172413793103 0.956896551724138
chr1.8128 0.975308641975309 0.975308641975309 0.987654320987654 0.962962962962963 0.950617283950617 0.91358024691358 0.888888888888889 0.975308641975309 0.938271604938272 0.975308641975309 0.962962962962963 0.901234567901235 0.938271604938272 0.938271604938272 0.975308641975309 0.938271604938272 0.950617283950617 0.975308641975309 1 0.938271604938272 0.938271604938272 0.938271604938272 0.938271604938272 0.925925925925926 0.975308641975309 0.975308641975309 0.950617283950617 0.975308641975309 0.91358024691358 0.975308641975309
chr1.8129 0.927777777777778 0.966666666666667 0.916666666666667 0.924731182795699 0.927777777777778 0.938888888888889 0.9 0.885245901639344 0.905555555555556 0.905555555555556 0.966666666666667 0.833333333333333 0.95 0.927777777777778 0.933333333333333 0.9 0.95 0.916666666666667 0.927777777777778 0.927777777777778 0.927777777777778 0.905555555555556 0.966666666666667 0.922222222222222 0.927777777777778 0.95 0.905555555555556 0.940860215053763 0.794444444444444 0.955555555555556
chr1.8132 0.96078431372549 0.950980392156863 0.980392156862745 0.980392156862745 0.990196078431373 0.980392156862745 0.96078431372549 0.970588235294118 0.970588235294118 0.941176470588235 0.970588235294118 0.970588235294118 0.980392156862745 0.96078431372549 0.980392156862745 0.950980392156863 0.990196078431373 0.96078431372549 1 0.990196078431373 0.990196078431373 0.941176470588235 0.980392156862745 0.970588235294118 0.990196078431373 0.980392156862745 1 1 0.96078431372549 0.96078431372549
chr1.8133 NA NA NA NA NA NA NA NA NA NA NA NA NA NA NA NA NA NA NA NA NA NA NA NA NA NA NA NA NA NA
chr1.27779 0.947100712105799 0.928210313447927 0.910478128179044 0.919633774160732 0.914547304170905 0.946083418107833 0.902217741935484 0.888097660223805 0.871356783919598 0.496975806451613 0.930824008138352 0.867751780264496 0.9375 0.917599186164802 0.904665314401623 0.844827586206897 0.935910478128179 0.868316831683168 0.934893184130214 0.868769074262462 0.872210953346856 0.828077314343845 0.915564598168871 0.915322580645161 0.883367139959432 0.938321536905966 0.90233977619532 0.925963488843813 0.902217741935484 0.918616480162767
chr1.27780 NA NA NA NA NA NA NA NA NA NA NA NA NA NA NA NA NA NA NA NA NA NA NA NA NA NA NA NA NA NA
chr1.989 NA NA NA NA NA NA NA NA NA NA NA NA NA NA NA NA NA NA NA NA NA NA NA NA NA NA NA NA NA NA
chr1.990 0.955555555555556 0.955555555555556 0.911111111111111 0.933333333333333 0.933333333333333 0.977777777777778 0 0.9 0.955555555555556 0.877777777777778 0.977777777777778 0.911111111111111 0.988888888888889 0.977777777777778 0.966666666666667 0.911111111111111 0.966666666666667 0.888888888888889 0.944444444444444 0.944444444444444 0.955555555555556 0.888888888888889 0.977777777777778 0.944444444444444 0.9 0.977777777777778 0.911111111111111 0.966666666666667 0.944444444444444 0.955555555555556
chr1.991 0.974874371859296 0.969849246231156 0.984924623115578 0.969849246231156 0.984924623115578 0.994974874371859 0.90547263681592 0.944723618090452 0.969849246231156 0.92964824120603 0.969849246231156 0.919597989949749 0.959798994974874 0.974874371859296 0.974874371859296 0.924623115577889 0.974874371859296 0.944723618090452 0.964824120603015 0.944723618090452 0.969849246231156 0.914572864321608 0.979899497487437 0.974874371859296 0.92964824120603 0.969849246231156 0.949748743718593 0.959798994974874 0.954773869346734 0.959798994974874
chr1.992 0.971910112359551 0.955056179775281 0.960674157303371 0.949438202247191 0.966292134831461 0.960674157303371 0.910112359550562 0.891304347826087 0.938202247191011 0.949438202247191 0.955056179775281 0.910112359550562 0.960674157303371 0.966292134831461 0.971910112359551 0.885869565217391 0.98876404494382 0.918478260869565 0.960674157303371 0.921348314606742 0.915730337078652 0.896739130434783 0.960674157303371 0.932584269662921 0.943820224719101 0.960674157303371 0.921348314606742 0.943820224719101 0.943820224719101 0.955056179775281
chr1.995 0.978165938864629 0.956331877729258 0.951965065502183 0.951965065502183 0.938864628820961 0.965065502183406 0.903930131004367 0.91703056768559 0.938864628820961 0.908296943231441 0.973799126637555 0.912663755458515 0.956331877729258 0.960698689956332 0.956331877729258 0.921397379912664 0.956331877729258 0.903930131004367 0.960698689956332 0.908296943231441 0.938864628820961 0.91703056768559 0.965065502183406 0.951965065502183 0.938864628820961 0.951965065502183 0.947598253275109 0.960698689956332 0.91703056768559 0.935344827586207
chr1.996 1 0.987179487179487 0.974358974358974 1 0.974358974358974 0.974358974358974 0.897435897435897 0.987179487179487 0.923076923076923 0.935897435897436 0.987179487179487 0.974358974358974 0.987179487179487 0.961538461538462 0.961538461538462 0.935897435897436 0.974358974358974 0.987179487179487 0.974358974358974 0.987179487179487 0.974358974358974 0.948717948717949 0.987179487179487 0.987179487179487 0.923076923076923 0.987179487179487 0.974358974358974 1 0.961538461538462 1
chr1.997 0.960573476702509 0.942652329749104 0.931899641577061 0.960573476702509 0.935483870967742 0.949820788530466 0.888888888888889 0.931899641577061 0.917562724014337 0.859060402684564 0.939068100358423 0.92831541218638 0.971326164874552 0.939068100358423 0.960573476702509 0.910394265232975 0.935483870967742 0.924731182795699 0.960573476702509 0.924731182795699 0.942652329749104 0.924731182795699 0.942652329749104 0.96415770609319 0.917562724014337 0.956989247311828 0.946236559139785 0.939068100358423 0.949820788530466 0.935483870967742
chr1.999 0.939759036144578 0.933734939759036 0.909638554216867 0.951807228915663 0.91566265060241 0.933734939759036 0.921686746987952 0.879518072289157 0.903614457831325 0.885542168674699 0.939759036144578 0.903614457831325 0.957831325301205 0.933734939759036 0.909638554216867 0.873493975903614 0.933734939759036 0.897590361445783 0.939759036144578 0.909638554216867 0.903614457831325 0.897590361445783 0.91566265060241 0.927710843373494 0.873493975903614 0.939759036144578 0.91566265060241 0.927710843373494 0.927710843373494 0.921686746987952
chr1.1000 0.961538461538462 0.930769230769231 0.953846153846154 0.953846153846154 0.953846153846154 0.961538461538462 0.953846153846154 0.915384615384615 0.823076923076923 0 0.984615384615385 0.930769230769231 0.976923076923077 0.961538461538462 0.938461538461538 0.9 0.969230769230769 0.930769230769231 0.969230769230769 0.930769230769231 0.953846153846154 0.923076923076923 0.984615384615385 0.938461538461538 0.946153846153846 0.930769230769231 0.953846153846154 0.961538461538462 0.930769230769231 0.969230769230769
chr1.1001 0.921296296296296 0.902777777777778 0.944444444444444 0.944444444444444 0.939814814814815 0.949074074074074 0.893518518518518 0.912037037037037 0.882882882882883 0.722222222222222 0.833333333333333 0.916666666666667 0.972222222222222 0.953703703703704 0.935185185185185 0.757575757575758 0.837962962962963 0.930555555555556 0.944444444444444 0.872146118721461 0.89041095890411 0.848484848484849 0.856481481481482 0.935185185185185 0.912037037037037 0.939814814814815 0.902777777777778 0.833333333333333 0.916666666666667 0.935185185185185
chr1.1003 0.995169082125604 0.980676328502415 0.990338164251208 0.995169082125604 0.995169082125604 1 0.893518518518518 1 0.995169082125604 0.333333333333333 0.990338164251208 0.951690821256039 0.980676328502415 0.990338164251208 0.975845410628019 1 1 0.995169082125604 1 1 0.995169082125604 0.990338164251208 0.990338164251208 0.975845410628019 0.985507246376812 0.990338164251208 0.990338164251208 0.995169082125604 0.980676328502415 1
chr1.1004 0.971563981042654 0.976303317535545 0.962085308056872 0.966824644549763 0.962085308056872 0.947867298578199 0.924170616113744 0.909952606635071 0.966824644549763 0.947867298578199 0.971563981042654 0.928909952606635 0.971563981042654 0.943127962085308 0.95260663507109 0.962085308056872 0.966824644549763 0.947867298578199 0.938388625592417 0.947867298578199 0.957345971563981 0.938388625592417 0.966824644549763 0.95260663507109 0.957345971563981 0.966824644549763 0.962085308056872 0.966824644549763 0.957345971563981 0.943127962085308
chr1.1008 0.954330708661417 0.938582677165354 0.938582677165354 0.937007874015748 0.926771653543307 0.94488188976378 0.824409448818898 0.911023622047244 0.915748031496063 0.86833855799373 0.938582677165354 0.907086614173228 0.940157480314961 0.934645669291339 0.925984251968504 0.895275590551181 0.948818897637795 0.91259842519685 0.947244094488189 0.892125984251969 0.915748031496063 0.893700787401575 0.938582677165354 0.925196850393701 0.898425196850394 0.940157480314961 0.925984251968504 0.925984251968504 0.904724409448819 0.926771653543307
chr1.1011 0.966216216216216 0.945945945945946 0.932432432432432 0.959459459459459 0.939189189189189 0.97972972972973 0.894736842105263 0.918918918918919 0.871621621621622 0.912162162162162 0.932432432432432 0.925675675675676 0.945945945945946 0.966216216216216 0.952702702702703 0.898648648648649 0.932432432432432 0.918918918918919 0.925675675675676 0.945945945945946 0.871621621621622 0.932432432432432 0.952702702702703 0.912162162162162 0.883116883116883 0.912162162162162 0.945945945945946 0.918918918918919 0.864864864864865 0.939189189189189
chr1.1012 0.972222222222222 0.944444444444444 0.965277777777778 0.923611111111111 0.923611111111111 0.958333333333333 0.813664596273292 0.902777777777778 0.902777777777778 0.925675675675676 0.958333333333333 0.916666666666667 0.958333333333333 0.944444444444444 0.930555555555556 0.868055555555556 0.965277777777778 0.909722222222222 0.972222222222222 0.930555555555556 0.9375 0.861111111111111 0.9375 0.923611111111111 0.916666666666667 0.923611111111111 0.881944444444444 0.951388888888889 0.902777777777778 0.972222222222222
chr1.1013 0.970588235294118 0.931372549019608 0.96078431372549 0.980392156862745 0.931372549019608 0.990196078431373 0.833333333333333 0.911764705882353 0.950980392156863 0 0.970588235294118 0.872549019607843 0.941176470588235 0.892156862745098 0.970588235294118 0.872549019607843 0.96078431372549 0.892156862745098 0.96078431372549 0.950980392156863 0.92156862745098 0.852941176470588 0.950980392156863 0.911764705882353 0.882352941176471 0.941176470588235 0.96078431372549 0.931372549019608 0.862745098039216 0.92156862745098
chr1.1014 0.978835978835979 0.984126984126984 0.968253968253968 0.952380952380952 0.978835978835979 0.973544973544973 0.899470899470899 0.962962962962963 0.957671957671958 0.941798941798942 0.941798941798942 0.952380952380952 0.978835978835979 0.962962962962963 0.936507936507937 0.931216931216931 0.952380952380952 0.968253968253968 0.973544973544973 0.936507936507937 0.973544973544973 0.941798941798942 0.936507936507937 0.962962962962963 0.947089947089947 0.968253968253968 0.962962962962963 0.941798941798942 0.952380952380952 0.973544973544973
chr1.1015 0.926966292134832 0.949438202247191 0.887640449438202 0.938202247191011 0.910112359550562 0.926966292134832 0 0.831460674157303 0.910112359550562 0.877094972067039 0.932584269662921 0.882022471910112 0.943820224719101 0.904494382022472 0.893258426966292 0.837078651685393 0.915730337078652 0.876404494382023 0.960674157303371 0.898876404494382 0.898876404494382 0.842696629213483 0.921348314606742 0.898876404494382 0.887640449438202 0.932584269662921 0.878453038674033 0.932584269662921 0.915730337078652 0.906077348066298
chr1.1017 0.961538461538462 0.923076923076923 0.942307692307692 0.942307692307692 0.980769230769231 0.934579439252336 0.865384615384615 0.884615384615385 0.913461538461538 0.336538461538462 0.951923076923077 0.903846153846154 0.951923076923077 0.903846153846154 0.894230769230769 0.875 0.932692307692308 0.903846153846154 0.971153846153846 0.846153846153846 0.903846153846154 0.884615384615385 0.951923076923077 0.894230769230769 0.913461538461538 0.932692307692308 0.875 0.913461538461538 0.875 0.951923076923077
chr1.1028 0.988439306358382 0.988439306358382 0.982658959537572 0.971098265895954 0.988439306358382 0.976878612716763 0.92485549132948 0.982658959537572 0.982658959537572 0.965317919075145 0.988439306358382 0.965317919075145 0.994219653179191 0.994219653179191 0.982658959537572 0.976878612716763 1 0.988439306358382 0.988439306358382 0.982658959537572 0.988439306358382 0.971098265895954 0.982658959537572 0.982658959537572 0.982658959537572 0.994219653179191 0.988439306358382 0.994219653179191 0.976878612716763 0.982658959537572
chr1.1029 0.953488372093023 0.953488372093023 0.918604651162791 0.918604651162791 0.906976744186046 0.953488372093023 0.895348837209302 0.918604651162791 0.906976744186046 0 0.965116279069767 0.941860465116279 0.941860465116279 0.918604651162791 0.895348837209302 0.906976744186046 0.965116279069767 0.906976744186046 0.965116279069767 0.883720930232558 0.895348837209302 0.883720930232558 0.965116279069767 0.86046511627907 0.918604651162791 0.953488372093023 0.918604651162791 0.930232558139535 0.883720930232558 0.965116279069767
chr1.25080 NA NA NA NA NA NA NA NA NA NA NA NA NA NA NA NA NA NA NA NA NA NA NA NA NA NA NA NA NA NA
chr1.25081 0.989247311827957 0.989247311827957 0.967741935483871 0.978494623655914 0.978494623655914 0.989247311827957 0.956989247311828 0.935483870967742 0.978494623655914 0.537634408602151 0.946236559139785 0.967741935483871 1 0.978494623655914 0.956989247311828 0.946236559139785 0.946236559139785 0.956989247311828 0.978494623655914 0.946236559139785 0.978494623655914 0.946236559139785 0.935483870967742 1 0.967741935483871 0.989247311827957 0.967741935483871 0.946236559139785 0.978494623655914 0.946236559139785
chr1.25089 0.961240310077519 0.992248062015504 0.937984496124031 0.937984496124031 0.953488372093023 0.961240310077519 0.953488372093023 0.937984496124031 0.961240310077519 0.945736434108527 0.961240310077519 0.945736434108527 0.984496124031008 0.961240310077519 0.961240310077519 0.968992248062015 0.984496124031008 0.953488372093023 0.961240310077519 0.976744186046512 0.953488372093023 0.961240310077519 0.961240310077519 0.976744186046512 0.945736434108527 0.992248062015504 0.976744186046512 0.968992248062015 0.992248062015504 0.961240310077519
chr1.25093 NA NA NA NA NA NA NA NA NA NA NA NA NA NA NA NA NA NA NA NA NA NA NA NA NA NA NA NA NA NA
chr1.25097 0.965277777777778 0.9375 0.951388888888889 0.930555555555556 0.951388888888889 0.979166666666667 0.875 0.923611111111111 0.9375 0 0.951388888888889 0.9375 0.944444444444444 0.979166666666667 0.930555555555556 0.888888888888889 0.958333333333333 0.9375 0.951388888888889 0.944444444444444 0.965277777777778 0.902777777777778 0.951388888888889 0.909722222222222 0.909722222222222 0.972222222222222 0.944444444444444 0.951388888888889 0.888888888888889 0.958333333333333
chr1.25098 0.976190476190476 0.976190476190476 0.968253968253968 0.976190476190476 0.976190476190476 0.952380952380952 0.952380952380952 0.928571428571429 0.936507936507937 0 0.952380952380952 0.984126984126984 0.984126984126984 0.976190476190476 0.984126984126984 0.968253968253968 0.968253968253968 0.936507936507937 0.96031746031746 0.968253968253968 0.96031746031746 0.96031746031746 0.968253968253968 0.968253968253968 0.944444444444444 0.992063492063492 0.976190476190476 0.992063492063492 0.992063492063492 0.944444444444444
chr1.25100 0.946666666666667 0.973333333333333 0.96 0.933333333333333 0.946666666666667 0.933333333333333 0.921052631578947 0.866666666666667 0.853333333333333 0 0.88 0.906666666666667 0.946666666666667 0.88 0.893333333333333 0.906666666666667 0.906666666666667 0.893333333333333 0.893333333333333 0.946666666666667 0.933333333333333 0.866666666666667 0.858974358974359 0.906666666666667 0.946666666666667 0.92 0.893333333333333 0.893333333333333 0.88 0.946666666666667
chr1.25104 0.982456140350877 0.921052631578947 0.956140350877193 0.93859649122807 0.93859649122807 0.973684210526316 0 0.956140350877193 0.93859649122807 0 0.947368421052632 0.912280701754386 0.947368421052632 0.894736842105263 0.921052631578947 0.93859649122807 0.93859649122807 0.956140350877193 0.93859649122807 0.921052631578947 0.93859649122807 0.912280701754386 0.956140350877193 0.93859649122807 0.912280701754386 0.93859649122807 0.903508771929825 0.947368421052632 0.956140350877193 0.956140350877193
chr1.25135 0.980132450331126 0.973509933774834 0.986754966887417 0.973509933774834 0.973509933774834 0.947019867549669 0 0.95364238410596 0.947019867549669 0 0.980132450331126 0.966887417218543 0.980132450331126 0.95364238410596 0.973509933774834 0.947019867549669 1 0.973509933774834 0.973509933774834 0.95364238410596 0.980132450331126 0.960264900662252 0.980132450331126 0.933774834437086 0.913907284768212 0.960264900662252 0.973509933774834 0.980132450331126 0.940397350993378 0.980132450331126
chr1.25136 0.968085106382979 0.936170212765957 0.946808510638298 0.968085106382979 0.957446808510638 0.957446808510638 0 0.936170212765957 0.914893617021277 0 0.957446808510638 0.936170212765957 0.968085106382979 0.946808510638298 0.936170212765957 0.861702127659574 0.957446808510638 0.968085106382979 0.957446808510638 0.914893617021277 0.925531914893617 0.904255319148936 0.968085106382979 0.946808510638298 0.904255319148936 0.936170212765957 0.946808510638298 0.946808510638298 0.861702127659574 0.946808510638298
chr1.25140 0.97887323943662 0.971830985915493 0.97887323943662 0.971830985915493 0.964788732394366 0.971830985915493 0.908450704225352 0.985915492957746 0.97887323943662 0 0.971830985915493 0.943661971830986 1 0.985915492957746 0.971830985915493 0.943661971830986 0.97887323943662 0.97887323943662 0.97887323943662 0.957746478873239 0.964788732394366 0.957746478873239 0.971830985915493 0.943661971830986 0.943661971830986 0.950704225352113 0.964788732394366 0.964788732394366 0.957746478873239 0.971830985915493
chr1.25141 0.976047904191617 0.940119760479042 0.958083832335329 0.952095808383233 0.976047904191617 0.988023952095808 0 0.970059880239521 0.970059880239521 0.904191616766467 0.970059880239521 0.970059880239521 0.970059880239521 0.970059880239521 0.964071856287425 0.934131736526946 0.976047904191617 0.952095808383233 0.976047904191617 0.922155688622755 0.940119760479042 0.958083832335329 0.970059880239521 0.964071856287425 0.976047904191617 0.964071856287425 0.940119760479042 0.964071856287425 0.92814371257485 0.976047904191617
chr1.25142 0.961165048543689 0.922330097087379 0.922330097087379 0.941747572815534 0.941747572815534 0.932038834951456 0 0.883495145631068 0.912621359223301 0.912621359223301 0.883495145631068 0.883495145631068 0.902912621359223 0.912621359223301 0.932038834951456 0.864077669902913 0.941747572815534 0.864077669902913 0.912621359223301 0.922330097087379 0.902912621359223 0.883495145631068 0.912621359223301 0.912621359223301 0.864077669902913 0.951456310679612 0.932038834951456 0.951456310679612 0.854368932038835 0.941747572815534
chr1.25143 NA NA NA NA NA NA NA NA NA NA NA NA NA NA NA NA NA NA NA NA NA NA NA NA NA NA NA NA NA NA
chr1.25144 1 0.990990990990991 0.990990990990991 1 0.990990990990991 1 0 1 0.990990990990991 0.945945945945946 1 1 0.990990990990991 1 1 0.990990990990991 1 1 1 0.981981981981982 1 1 1 0.990990990990991 0.990990990990991 0.981981981981982 1 1 0.981981981981982 1
chr1.25145 0.981012658227848 0.968354430379747 0.962025316455696 0.949367088607595 0.968354430379747 0.981012658227848 0 0.955696202531646 0.943037974683544 0.620253164556962 0.974683544303797 0.987341772151899 0.987341772151899 0.968354430379747 0.968354430379747 0.936708860759494 0.968354430379747 0.968354430379747 0.981012658227848 0.949367088607595 0.936708860759494 0.930379746835443 0.981012658227848 0.987341772151899 0.974683544303797 0.974683544303797 0.974683544303797 0.949367088607595 0.949367088607595 0.936708860759494
chr1.25147 0.971428571428571 0.948571428571429 0.948571428571429 0.948571428571429 0.965714285714286 0.965714285714286 0 0.948571428571429 0.948571428571429 0.908571428571429 0.977142857142857 0.908571428571429 0.931428571428571 0.971428571428571 0.937142857142857 0.897142857142857 0.942857142857143 0.937142857142857 0.96 0.948571428571429 0.948571428571429 0.925714285714286 0.971428571428571 0.914285714285714 0.891428571428571 0.965714285714286 0.96 0.971428571428571 0.931428571428571 0.937142857142857
chr1.25148 0.971563981042654 0.990521327014218 0.966824644549763 0.976303317535545 0.957345971563981 0.981042654028436 0 0.976303317535545 0.95260663507109 0.928909952606635 0.985781990521327 0.985781990521327 0.971563981042654 0.962085308056872 0.947867298578199 0.976303317535545 0.981042654028436 0.966824644549763 0.976303317535545 0.966824644549763 0.962085308056872 0.981042654028436 0.981042654028436 0.981042654028436 0.966824644549763 0.990521327014218 0.990521327014218 0.985781990521327 0.966824644549763 0.971563981042654
chr1.25149 0.911917098445596 0.94300518134715 0.948186528497409 0.927461139896373 0.922279792746114 0.922279792746114 0 0.901554404145078 0.932642487046632 0.352331606217617 0.94300518134715 0.906735751295337 0.94300518134715 0.937823834196891 0.937823834196891 0.880829015544041 0.958549222797927 0.917098445595855 0.963730569948187 0.89119170984456 0.922279792746114 0.906735751295337 0.94300518134715 0.917098445595855 0.875647668393782 0.932642487046632 0.927461139896373 0.94300518134715 0.906735751295337 0.94300518134715
chr1.25150 0.978260869565217 0.971014492753623 0.963768115942029 0.992753623188406 0.978260869565217 0.992753623188406 0 1 0.949275362318841 0.748387096774194 0.992753623188406 0.949275362318841 0.978260869565217 0.978260869565217 0.978260869565217 0.891304347826087 0.992753623188406 0.978260869565217 0.971014492753623 0.985507246376812 0.978260869565217 0.91304347826087 0.985507246376812 0.978260869565217 0.949275362318841 0.971014492753623 0.992753623188406 0.985507246376812 0.971014492753623 0.956521739130435
chr1.17010 0.970059880239521 0.988023952095808 0.880239520958084 0.952095808383233 0.910179640718563 0.92814371257485 0.958083832335329 0.898203592814371 0.898203592814371 0.916167664670659 0.946107784431138 0.916167664670659 0.976047904191617 0.916167664670659 0.922155688622755 0.892215568862275 0.970059880239521 0.88622754491018 0.946107784431138 0.904191616766467 0.934131736526946 0.892215568862275 0.952095808383233 0.970059880239521 0.898203592814371 0.958823529411765 0.916167664670659 0.934131736526946 0.958083832335329 0.934131736526946
chr1.17011 0.966666666666667 0.95 0.95 0.95 0.925 0.966666666666667 0.768115942028985 0.941666666666667 0.916666666666667 0.741666666666667 0.941666666666667 0.933333333333333 0.941666666666667 0.958333333333333 0.925 0.883333333333333 0.975 0.891666666666667 0.966666666666667 0.925 0.916666666666667 0.891666666666667 0.941666666666667 0.866666666666667 0.966666666666667 0.95 0.908333333333333 0.908333333333333 0.933333333333333 0.966666666666667
chr1.17012 0.976744186046512 0.930232558139535 0.968992248062015 0.968992248062015 0.945736434108527 0.968992248062015 0.914728682170543 0.937984496124031 0.930232558139535 0.937984496124031 0.953488372093023 0.930232558139535 0.968992248062015 0.961240310077519 0.945736434108527 0.953488372093023 0.968992248062015 0.922480620155039 0.961240310077519 0.937984496124031 0.961240310077519 0.937984496124031 0.953488372093023 0.968992248062015 0.953488372093023 0.945736434108527 0.953488372093023 0.953488372093023 0.930232558139535 0.937984496124031
chr1.17013 0.991525423728814 0.991525423728814 0.991525423728814 0.966101694915254 0.974576271186441 0.983050847457627 0.889830508474576 0.974576271186441 0.949152542372881 0.92436974789916 0.974576271186441 0.991525423728814 0.974576271186441 0.974576271186441 0.974576271186441 0.983050847457627 0.974576271186441 0.974576271186441 0.991525423728814 0.940677966101695 0.966101694915254 0.974576271186441 0.974576271186441 0.983050847457627 0.906779661016949 0.974576271186441 0.991525423728814 0.957627118644068 0.957627118644068 0.957627118644068
chr1.17014 0.965034965034965 0.902097902097902 0.951048951048951 0.965034965034965 0.93006993006993 0.951048951048951 0.874125874125874 0.895104895104895 0.923076923076923 0.895104895104895 0.951048951048951 0.93006993006993 0.951048951048951 0.916083916083916 0.923076923076923 0.874125874125874 0.972027972027972 0.86013986013986 0.944055944055944 0.93006993006993 0.93006993006993 0.867132867132867 0.951048951048951 0.916083916083916 0.916083916083916 0.93006993006993 0.909090909090909 0.944055944055944 0.895104895104895 0.937062937062937
chr1.17015 0.933333333333333 0.933333333333333 0.945454545454545 0.884848484848485 0.945454545454545 0.945454545454545 0.890909090909091 0.921212121212121 0.848484848484849 0.939393939393939 0.884848484848485 0.884848484848485 0.957575757575758 0.957575757575758 0.945454545454545 0.866666666666667 0.921212121212121 0.945454545454545 0.927272727272727 0.915151515151515 0.939393939393939 0.903030303030303 0.884848484848485 0.915151515151515 0.884848484848485 0.939393939393939 0.939393939393939 0.890909090909091 0.957575757575758 0.909090909090909
chr1.17016 0.953086419753086 0.962962962962963 0.965432098765432 0.94320987654321 0.960493827160494 0.948148148148148 0 0.916049382716049 0.916049382716049 0.520987654320988 0.97283950617284 0.928395061728395 0.950617283950617 0.953086419753086 0.945679012345679 0.91358024691358 0.950617283950617 0.923456790123457 0.955555555555556 0.955555555555556 0.953086419753086 0.911111111111111 0.962962962962963 0.923456790123457 0.916049382716049 0.965432098765432 0.94320987654321 0.958024691358025 0.940740740740741 0.958024691358025
chr1.14880 0.918918918918919 0.936936936936937 0.864864864864865 0.900900900900901 0.873873873873874 0.918918918918919 0.873873873873874 0.873873873873874 0.801801801801802 0.837837837837838 0.945945945945946 0.855855855855856 0.927927927927928 0.90990990990991 0.918918918918919 0.855855855855856 0.945945945945946 0.900900900900901 0.882882882882883 0.783333333333333 0.864864864864865 0.873873873873874 0.918918918918919 0.882882882882883 0.846846846846847 0.927927927927928 0.900900900900901 0.936936936936937 0.918918918918919 0.882882882882883
chr1.14881 0.968421052631579 0.957894736842105 0.968421052631579 0.947368421052632 0.947368421052632 0.968421052631579 0.894736842105263 0.928571428571429 0.968421052631579 0.8 0.91578947368421 0.873684210526316 0.968421052631579 0.947368421052632 0.936842105263158 0.884210526315789 0.968421052631579 0.897959183673469 0.926315789473684 0.947368421052632 0.968421052631579 0.894736842105263 0.91578947368421 0.936842105263158 0.936842105263158 0.947368421052632 0.894736842105263 0.947368421052632 0.926315789473684 0.936842105263158
chr1.14882 0.837837837837838 0.916666666666667 0.979166666666667 0.747747747747748 0.96875 0.958333333333333 0.947916666666667 0.895833333333333 0.8125 0.447916666666667 0.96875 0.895833333333333 0.979166666666667 0.979166666666667 0.979166666666667 0.9375 0.96875 0.875 0.837837837837838 0.84375 0.9375 0.916666666666667 0.958333333333333 0.916666666666667 0.75 0.927083333333333 0.895833333333333 0.958333333333333 0.916666666666667 0.96875
chr1.14883 0.962085308056872 0.928909952606635 0.838862559241706 0.881516587677725 0.848341232227488 0.95260663507109 0.890995260663507 0.914691943127962 0.824644549763033 0.881516587677725 0.919431279620853 0.906542056074766 0.947867298578199 0.921658986175115 0.947867298578199 0.886255924170616 0.933649289099526 0.90521327014218 0.947867298578199 0.85781990521327 0.834123222748815 0.867298578199052 0.943127962085308 0.933649289099526 0.876777251184834 0.95260663507109 0.920560747663551 0.938388625592417 0.898617511520737 0.938388625592417
chr1.14884 NA NA NA NA NA NA NA NA NA NA NA NA NA NA NA NA NA NA NA NA NA NA NA NA NA NA NA NA NA NA
chr1.14885 0.974789915966387 0.899159663865546 0.941176470588235 0.941176470588235 0.957983193277311 0.966386554621849 0.907563025210084 0.873949579831933 0.899159663865546 0.433884297520661 0.941176470588235 0.823529411764706 0.949579831932773 0.932773109243697 0.932773109243697 0.831932773109244 0.907563025210084 0.882352941176471 0.966386554621849 0.840336134453782 0.865546218487395 0.831932773109244 0.92436974789916 0.831932773109244 0.882352941176471 0.941176470588235 0.865546218487395 0.941176470588235 0.882352941176471 0.873949579831933
chr1.14888 0.947368421052632 0.968421052631579 0.926315789473684 0.947368421052632 0.936842105263158 0.957894736842105 0.894736842105263 0.926315789473684 0.873684210526316 0.894736842105263 0.905263157894737 0.863157894736842 0.926315789473684 0.884210526315789 0.91578947368421 0.884210526315789 0.947368421052632 0.894736842105263 0.894736842105263 0.894736842105263 0.905263157894737 0.863157894736842 0.91578947368421 0.894736842105263 0.873684210526316 0.957894736842105 0.936842105263158 0.905263157894737 0.905263157894737 0.926315789473684
chr1.14889 0.967741935483871 0.975806451612903 0.951612903225806 0.975806451612903 0.929133858267717 0.943548387096774 0.826086956521739 0.919354838709677 0.919354838709677 0.919354838709677 0.943548387096774 0.951612903225806 0.967741935483871 0.935483870967742 0.935483870967742 0.919354838709677 0.951612903225806 0.92741935483871 0.92741935483871 0.895161290322581 0.975806451612903 0.903225806451613 0.935483870967742 0.975806451612903 0.887096774193548 0.943548387096774 0.92741935483871 0.935483870967742 0.919354838709677 0.935483870967742
chr1.14890 0.946666666666667 0.973333333333333 0.973333333333333 0.933333333333333 0.973333333333333 0.92 0.946666666666667 0.906666666666667 0.88 0.933333333333333 0.906666666666667 0.866666666666667 0.946666666666667 0.973333333333333 0.973333333333333 0.866666666666667 0.946666666666667 0.906666666666667 0.946666666666667 0.906666666666667 0.893333333333333 0.893333333333333 0.92 0.92 0.893333333333333 0.92 0.933333333333333 0.933333333333333 0.933333333333333 0.893333333333333
chr1.14891 NA NA NA NA NA NA NA NA NA 0.853333333333333 NA NA NA NA NA NA NA NA NA NA NA NA NA NA NA NA NA NA NA NA
chr1.14892 NA NA NA NA NA NA NA NA NA NA NA NA NA NA NA NA NA NA NA NA NA NA NA NA NA NA NA NA NA NA
chr1.14893 0.977011494252874 0.96551724137931 0.873563218390805 0.942528735632184 0.919540229885057 0.977011494252874 0 0.885057471264368 0.919540229885057 0.908045977011494 0.954022988505747 0.908045977011494 0.942528735632184 0.931034482758621 0.977011494252874 0.885057471264368 0.931034482758621 0.931034482758621 0.954022988505747 0.908045977011494 0.908045977011494 0.919540229885057 0.896551724137931 0.931034482758621 0.919540229885057 0.977011494252874 0.896551724137931 0.977011494252874 0.873563218390805 0.908045977011494
chr1.14894 0.966292134831461 0.943820224719101 0.966292134831461 0.955056179775281 0.910112359550562 0.955056179775281 0 0.853932584269663 0.887640449438202 0.955056179775281 0.943820224719101 0.932584269662921 0.921348314606742 0.966292134831461 0.932584269662921 0.921348314606742 0.955056179775281 0.898876404494382 0.921348314606742 0.910112359550562 0.921348314606742 0.898876404494382 0.932584269662921 0.910112359550562 0.887640449438202 0.97752808988764 0.921348314606742 0.910112359550562 0.865168539325843 0.921348314606742
chr1.14895 NA NA NA NA NA NA NA NA NA NA NA NA NA NA NA NA NA NA NA NA NA NA NA NA NA NA NA NA NA NA
chr1.14896 NA NA NA NA NA NA NA NA NA NA NA NA NA NA NA NA NA NA NA NA NA NA NA NA NA NA NA NA NA NA
chr1.14897 0.935483870967742 0.943548387096774 0.92741935483871 0.943548387096774 0.895161290322581 0.935483870967742 0 0.846774193548387 0.887096774193548 0.887096774193548 0.959677419354839 0.879032258064516 0.911290322580645 0.951612903225806 0.903225806451613 0.870967741935484 0.951612903225806 0.830645161290323 0.943548387096774 0.879032258064516 0.951612903225806 0.862903225806452 0.959677419354839 0.921259842519685 0.895161290322581 0.975806451612903 0.919354838709677 0.951612903225806 0.911290322580645 0.935483870967742
chr1.14898 0.96594427244582 0.978328173374613 0.953560371517028 0.96594427244582 0.95046439628483 0.972136222910217 0 0.938080495356037 0.925696594427245 0.901840490797546 0.953560371517028 0.910216718266254 0.975232198142415 0.95046439628483 0.953560371517028 0.919504643962848 0.969040247678019 0.947368421052632 0.959752321981424 0.910216718266254 0.944272445820433 0.928792569659443 0.95046439628483 0.931888544891641 0.931888544891641 0.972136222910217 0.96594427244582 0.944272445820433 0.947368421052632 0.959752321981424
chr1.14899 0.957746478873239 0.985915492957746 1 0.929577464788732 0.985915492957746 0.971830985915493 0.943661971830986 0.971830985915493 1 0 1 0.971830985915493 0.985915492957746 1 0.957746478873239 0.943661971830986 0.985915492957746 0.985915492957746 1 1 0.971830985915493 0.943661971830986 1 0.971830985915493 0.957746478873239 1 0.985915492957746 1 0.985915492957746 0.985915492957746
chr1.14900 0.988235294117647 0.929411764705882 0.964705882352941 0.952941176470588 0.976470588235294 0.976470588235294 0 0.964705882352941 0.952941176470588 0 0.988235294117647 0.988235294117647 0.988235294117647 1 0.929411764705882 0.964705882352941 0.976470588235294 1 0.988235294117647 0.929411764705882 0.905882352941176 0.976470588235294 0.976470588235294 0.976470588235294 0.976470588235294 0.976470588235294 0.976470588235294 1 0.941176470588235 0.952941176470588
chr1.14901 0.953488372093023 0.959302325581395 0.930232558139535 0.953488372093023 0.918604651162791 0.953488372093023 0 0.941860465116279 0.924418604651163 0 0.953488372093023 0.947674418604651 0.976744186046512 0.936046511627907 0.953488372093023 0.918604651162791 0.947674418604651 0.930232558139535 0.970930232558139 0.872093023255814 0.941860465116279 0.901162790697674 0.947674418604651 0.941860465116279 0.895348837209302 0.970930232558139 0.936046511627907 0.959302325581395 0.912790697674419 0.930232558139535
chr1.14902 0.975609756097561 0.939024390243902 0.939024390243902 0.963414634146341 0.890243902439024 0.975609756097561 0.829268292682927 0.902439024390244 0.914634146341463 0 0.951219512195122 0.951219512195122 0.939024390243902 0.963414634146341 0.975609756097561 0.926829268292683 0.951219512195122 0.878048780487805 0.975609756097561 0.914634146341463 0.963414634146341 0.939024390243902 0.963414634146341 0.951219512195122 0.890243902439024 0.951219512195122 0.951219512195122 0.951219512195122 0.914634146341463 0.963414634146341
chr1.14903 0.976510067114094 0.929530201342282 0.956375838926175 0.946308724832215 0.942953020134228 0.966442953020134 0.906040268456376 0.902684563758389 0.939597315436242 0.939799331103679 0.949664429530201 0.889261744966443 0.953020134228188 0.949664429530201 0.956375838926175 0.88255033557047 0.919463087248322 0.895973154362416 0.902684563758389 0.895973154362416 0.848993288590604 0.879194630872483 0.953020134228188 0.959731543624161 0.902684563758389 0.959731543624161 0.942953020134228 0.956375838926175 0.912751677852349 0.916107382550336
chr1.14904 0.990740740740741 0.962962962962963 0.981481481481482 0.972222222222222 0.944444444444444 0.972222222222222 0.787037037037037 0.944444444444444 0.972222222222222 0.898148148148148 0.962962962962963 0.916666666666667 0.981481481481482 0.981481481481482 0.962962962962963 0.935185185185185 0.962962962962963 0.953703703703704 0.990740740740741 0.944444444444444 0.953703703703704 0.925925925925926 0.962962962962963 0.972222222222222 0.935185185185185 0.972222222222222 0.935185185185185 0.981481481481482 0.962962962962963 0.981481481481482
chr1.14905 0.979166666666667 0.947916666666667 0.947916666666667 0.9375 0.979166666666667 0.9375 0.979166666666667 0.927083333333333 0.958333333333333 0.854166666666667 0.947916666666667 0.927083333333333 0.96875 0.979166666666667 0.958333333333333 0.885416666666667 0.958333333333333 0.9375 0.947916666666667 0.895833333333333 0.947916666666667 0.885416666666667 0.927083333333333 0.90625 0.958333333333333 0.96875 0.927083333333333 0.9375 0.9375 0.989583333333333
chr1.14906 0.937984496124031 0.939393939393939 0.914728682170543 0.922480620155039 0.937984496124031 0.945736434108527 0.945736434108527 0.868217054263566 0.945736434108527 0.875968992248062 0.953488372093023 0.906976744186046 0.961240310077519 0.922480620155039 0.937984496124031 0.906976744186046 0.961240310077519 0.837037037037037 0.937984496124031 0.886363636363636 0.961240310077519 0.914728682170543 0.968992248062015 0.937984496124031 0.922480620155039 0.875968992248062 0.961240310077519 0.945736434108527 0.906976744186046 0.89922480620155
chr1.14907 0.972222222222222 0.979166666666667 0.965277777777778 0.979166666666667 0.951388888888889 0.979166666666667 0.923611111111111 0.972222222222222 0.944444444444444 0.75974025974026 0.986111111111111 0.923611111111111 0.979166666666667 0.951388888888889 0.951388888888889 0.965277777777778 0.993055555555556 0.979166666666667 0.993055555555556 0.965277777777778 0.979166666666667 0.951388888888889 0.986111111111111 0.958333333333333 0.951388888888889 0.979166666666667 0.972222222222222 0.972222222222222 0.944444444444444 0.965277777777778
chr1.14908 0.993197278911565 0.965986394557823 1 0.979591836734694 0.979591836734694 0.979591836734694 0.91156462585034 0.945578231292517 0.972789115646258 0.931972789115646 0.993197278911565 0.945578231292517 0.979591836734694 0.979591836734694 1 0.938775510204082 0.993197278911565 0.952380952380952 0.993197278911565 0.965986394557823 0.979591836734694 0.931972789115646 1 0.986394557823129 0.952380952380952 0.979591836734694 0.972789115646258 0.986394557823129 0.979591836734694 0.972789115646258
chr1.14909 0.947368421052632 0.921212121212121 0.921212121212121 0.933333333333333 0.933333333333333 0.96969696969697 0.91566265060241 0.927272727272727 0.939393939393939 0.867816091954023 0.939393939393939 0.909090909090909 0.963636363636364 0.975757575757576 0.921212121212121 0.878787878787879 0.927272727272727 0.951515151515152 0.96969696969697 0.890909090909091 0.927272727272727 0.896969696969697 0.927272727272727 0.963636363636364 0.939393939393939 0.939393939393939 0.945454545454545 0.951515151515152 0.927272727272727 0.909090909090909
chr1.14910 0.964912280701754 0.964912280701754 0.973684210526316 0.947368421052632 0.956140350877193 0.956140350877193 0.84 0.885964912280702 0.947368421052632 0 0.93859649122807 0.903508771929825 0.93859649122807 0.956140350877193 0.93859649122807 0.894736842105263 0.982456140350877 0.921052631578947 0.964912280701754 0.868421052631579 0.903508771929825 0.885964912280702 0.93859649122807 0.929824561403509 0.93859649122807 0.947368421052632 0.921052631578947 0.964912280701754 0.921052631578947 0.956140350877193
chr1.14911 NA NA NA NA NA NA NA NA NA NA NA NA NA NA NA NA NA NA NA NA NA NA NA NA NA NA NA NA NA NA
chr1.14912 0.944723618090452 0.954773869346734 0.954773869346734 0.949748743718593 0.964824120603015 0.964824120603015 0.919597989949749 0.909547738693467 0.919597989949749 0 0.919597989949749 0.919597989949749 0.954773869346734 0.939698492462312 0.939698492462312 0.914572864321608 0.969849246231156 0.944723618090452 0.969849246231156 0.899497487437186 0.934673366834171 0.934673366834171 0.934673366834171 0.944723618090452 0.904522613065327 0.959798994974874 0.949748743718593 0.964824120603015 0.924623115577889 0.92964824120603
chr1.3969 0.948376623376623 0.931426714332142 0.923301917452064 0.926551836204095 0.921753246753247 0.944101397465063 0.860495017679203 0.898447606727037 0.89056968136466 0.853650691540688 0.927512886597938 0.894583198183587 0.941290950373013 0.92640413169787 0.921351966200845 0.881818181818182 0.928246753246753 0.90035472428249 0.939344794031787 0.890477738056549 0.913804277381724 0.881493506493506 0.925579896907217 0.912422964644826 0.869607525137853 0.941176470588235 0.908766233766234 0.922952411783749 0.88562197092084 0.927738172391445
chr1.3970 0.936666666666667 0.93 0.816666666666667 0.913333333333333 0.86 0.936666666666667 0.7 0.893333333333333 0.766666666666667 0.89 0.943333333333333 0.886666666666667 0.943333333333333 0.86031746031746 0.89 0.806666666666667 0.931372549019608 0.9 0.910891089108911 0.873333333333333 0.883333333333333 0.82 0.940594059405941 0.886666666666667 0.866666666666667 0.913333333333333 0.953333333333333 0.936666666666667 0.891089108910891 0.926666666666667
chr1.3971 0.929133858267717 0.960629921259842 0.937007874015748 0.913385826771654 0.94488188976378 0.913385826771654 0.913385826771654 0.937007874015748 0.897637795275591 0.921875 0.952755905511811 0.897637795275591 0.905511811023622 0.905511811023622 0.913385826771654 0.850393700787402 0.937007874015748 0.913385826771654 0.94488188976378 0.921259842519685 0.905511811023622 0.811023622047244 0.952755905511811 0.94488188976378 0.866141732283465 0.921259842519685 0.921259842519685 0.905511811023622 0.94488188976378 0.897637795275591
chr1.3972 0.941605839416058 0.934306569343066 0.927007299270073 0.934306569343066 0.905109489051095 0.956204379562044 0.868613138686131 0.91970802919708 0.897810218978102 0.467153284671533 0.905109489051095 0.883211678832117 0.91970802919708 0.91970802919708 0.934306569343066 0.883211678832117 0.927007299270073 0.868613138686131 0.934306569343066 0.868613138686131 0.883211678832117 0.883211678832117 0.91970802919708 0.941605839416058 0.89051094890511 0.91970802919708 0.927007299270073 0.927007299270073 0.875912408759124 0.927007299270073
chr1.3973 0.944444444444444 0.95 0.944444444444444 0.944444444444444 0.95 0.966666666666667 0.911111111111111 0.905555555555556 0.911111111111111 0.938888888888889 0.961111111111111 0.927777777777778 0.961111111111111 0.961111111111111 0.933333333333333 0.944444444444444 0.955555555555556 0.905555555555556 0.972222222222222 0.927777777777778 0.961111111111111 0.933333333333333 0.955555555555556 0.944444444444444 0.905555555555556 0.966666666666667 0.955555555555556 0.966666666666667 0.938888888888889 0.938888888888889
chr1.3974 0.922222222222222 0.933333333333333 0.911111111111111 0.905555555555556 0.911111111111111 0.916666666666667 0.905555555555556 0.9 0.9 0.613026819923372 0.938888888888889 0.888888888888889 0.95 0.888888888888889 0.905555555555556 0.844444444444444 0.95 0.9 0.938888888888889 0.872222222222222 0.916666666666667 0.816666666666667 0.927777777777778 0.916666666666667 0.9 0.944444444444444 0.933333333333333 0.916666666666667 0.933333333333333 0.938888888888889
chr1.3975 0.966666666666667 0.977777777777778 0.916666666666667 0.944444444444444 0.944444444444444 0.927777777777778 0 0.938888888888889 0.938888888888889 0.894444444444444 0.944444444444444 0.927777777777778 0.977777777777778 0.944444444444444 0.922222222222222 0.95 0.938888888888889 0.933333333333333 0.966666666666667 0.933333333333333 0.944444444444444 0.95 0.955555555555556 0.944444444444444 0.888888888888889 0.966666666666667 0.955555555555556 0.933333333333333 0.938888888888889 0.927777777777778
chr1.3976 0.978540772532189 0.987124463519313 0.969957081545064 0.978540772532189 0.974248927038627 0.982832618025751 0.905579399141631 0.957081545064378 0.96137339055794 0.893162393162393 0.974248927038627 0.96137339055794 0.987124463519313 0.969957081545064 0.96137339055794 0.948497854077253 0.974248927038627 0.965665236051502 0.974248927038627 0.952789699570815 0.96137339055794 0.939914163090129 0.965665236051502 0.957081545064378 0.957081545064378 0.991416309012876 0.957081545064378 0.969957081545064 0.948497854077253 0.965665236051502
chr1.3977 0.969230769230769 0.969230769230769 0.946153846153846 0.930769230769231 0.976923076923077 0.946153846153846 0.892307692307692 0.9 0.961538461538462 0.923076923076923 0.969230769230769 0.923076923076923 0.953846153846154 0.953846153846154 0.953846153846154 0.946153846153846 0.961538461538462 0.923076923076923 0.969230769230769 0.915384615384615 0.961538461538462 0.930769230769231 0.961538461538462 0.953846153846154 0.953846153846154 0.976923076923077 0.946153846153846 0.953846153846154 0.946153846153846 0.946153846153846
chr1.3978 0.984848484848485 0.977272727272727 0.954545454545455 0.962121212121212 0.939393939393939 0.977272727272727 0.962121212121212 0.977272727272727 0.878787878787879 0.893939393939394 0.946969696969697 0.977272727272727 0.962121212121212 0.96969696969697 0.939393939393939 0.946969696969697 0.962121212121212 0.96969696969697 0.96969696969697 0.946969696969697 0.962121212121212 0.962121212121212 0.946969696969697 0.962121212121212 0.962121212121212 0.992424242424242 0.96969696969697 0.984848484848485 0.96969696969697 0.962121212121212
chr1.3979 0.934426229508197 0.950819672131147 0.909836065573771 0.930327868852459 0.909836065573771 0.934426229508197 0.885245901639344 0.840163934426229 0.844262295081967 0.885245901639344 0.967213114754098 0.874493927125506 0.954918032786885 0.922131147540984 0.926229508196721 0.874493927125506 0.967213114754098 0.909836065573771 0.942622950819672 0.897540983606557 0.913934426229508 0.834008097165992 0.94672131147541 0.89344262295082 0.864754098360656 0.942622950819672 0.913934426229508 0.94672131147541 0.897540983606557 0.885245901639344
chr1.3980 0.974358974358974 0.948717948717949 0.91025641025641 0.948717948717949 0.923076923076923 0.961538461538462 0.923076923076923 0.923076923076923 0.833333333333333 0.858974358974359 0.91025641025641 0.871794871794872 0.935897435897436 0.948717948717949 0.948717948717949 0.884615384615385 0.948717948717949 0.935897435897436 0.974358974358974 0.871794871794872 0.923076923076923 0.884615384615385 0.897435897435897 0.897435897435897 0.923076923076923 0.884615384615385 0.91025641025641 0.897435897435897 0.897435897435897 0.961538461538462
chr1.3981 0.960526315789474 0.947368421052632 0.973684210526316 0.947368421052632 0.973684210526316 0.967105263157895 0.901315789473684 0.934210526315789 0.907894736842105 0.0932539682539683 0.953947368421053 0.914473684210526 0.960526315789474 0.947368421052632 0.940789473684211 0.914473684210526 0.960526315789474 0.927631578947368 0.967105263157895 0.921052631578947 0.947368421052632 0.894736842105263 0.953947368421053 0.947368421052632 0.921052631578947 0.947368421052632 0.940789473684211 0.934210526315789 0.947368421052632 0.934210526315789
chr1.7222 NA NA NA NA NA NA NA NA NA NA NA NA NA NA NA NA NA NA NA NA NA NA NA NA NA NA NA NA NA NA
chr1.7223 0.927272727272727 0.945454545454545 0.896969696969697 0.927272727272727 0.945454545454545 0.933333333333333 0 0.933333333333333 0.896969696969697 0.733333333333333 0.957575757575758 0.915151515151515 0.963636363636364 0.927272727272727 0.927272727272727 0.878787878787879 0.963636363636364 0.933333333333333 0.975757575757576 0.890909090909091 0.927272727272727 0.878787878787879 0.957575757575758 0.921212121212121 0.890909090909091 0.933333333333333 0.945454545454545 0.933333333333333 0.909090909090909 0.921212121212121
chr1.7224 1 0.988888888888889 0.988888888888889 1 1 0.988888888888889 0 0.977777777777778 0.988888888888889 0.9 0.988888888888889 1 0.988888888888889 0.988888888888889 1 0.977777777777778 0.988888888888889 0.966666666666667 0.977777777777778 0.977777777777778 0.988888888888889 0.988888888888889 0.977777777777778 1 0.966666666666667 1 1 1 0.988888888888889 0.988888888888889
chr1.7225 NA NA NA NA NA NA NA NA NA NA NA NA NA NA NA NA NA NA NA NA NA NA NA NA NA NA NA NA NA NA
