len w
0 0
0.005 0.273714630247433 
0.01 0.403804887080617 
0.015 0.511820892121304 
0.02 0.522128737178774 
0.025 0.589512985934081 
0.03 0.621901866119791 
0.035 0.658007291439205 
0.04 0.677609815774519 
0.045 0.718543800852567 
0.05 0.726353960756923 
0.055 0.74276271399073 
0.06 0.772725484943936 
0.065 0.787061889052015 
0.07 0.80465454707373 
0.075 0.807959200608813 
0.08 0.815076261880158 
0.085 0.814530325013097 
0.09 0.828456335566443 
0.095 0.83273488943772 
0.1 0.837123324262509 
0.105 0.853194544149318 
0.11 0.857472578841049 
0.115 0.860415282392027 
0.12 0.862408637873754 
0.125 0.871644518272425 
0.13 0.878720930232558 
0.135 0.896879173449387 
0.14 0.890915750307299 
0.145 0.886648727659292 
0.15 0.889239917613448 
0.155 0.891019665814038 
0.16 0.893478889147261 
0.165 0.897448094874265 
0.17 0.897994718134405 
0.175 0.898527223200345 
0.18 0.896650832142976 
0.185 0.904574807334573 
0.19 0.908315950308908 
0.195 0.910224872118515 
0.2 0.908144826440791 
0.205 0.911024976750365 
0.21 0.910211232521837 
0.215 0.906361462588423 
0.22 0.912794899043571 
0.225 0.922794899043571 
0.23 0.924444444444444 
0.235 0.922069566661132 
0.24 0.920557843007039 
0.245 0.927730110240404 
0.25 0.936995384666467 
0.255 0.935733638808646 
0.26 0.93754607032573 
0.265 0.930274429724076 
0.27 0.927778497194276 
0.275 0.927684530331706 
0.28 0.929028723227627 
0.285 0.931215341192097 
0.29 0.927995749767565 
0.295 0.934989374771724 
0.3 0.931936051530646 
0.305 0.931792058169262 
0.31 0.930490056110761 
0.315 0.937495600783559 
0.32 0.940536704405857 
0.325 0.939803931334462 
0.33 0.947422139584302 
0.335 0.945569906039377 
0.34 0.948803911152429 
0.345 0.952410358565737 
0.35 0.955200849877166 
0.355 0.951051059026625 
0.36 0.947910165327667 
0.365 0.955342097400657 
0.37 0.953051488895528 
0.375 0.9563597131855 
0.38 0.959315352697095 
0.385 0.956640111531567 
0.39 0.959582088561376 
0.395 0.960956285059913 
0.4 0.959098513011152 
0.405 0.959410036841581 
0.41 0.958082412293803 
0.415 0.96425586644097 
0.42 0.967795479438415 
0.425 0.966169139367387 
0.43 0.964277274386803 
0.435 0.962817789578493 
0.44 0.967397942250249 
0.445 0.964775970793229 
0.45 0.963614337869233 
0.455 0.962407899103883 
0.46 0.961934820124784 
0.465 0.960474578521173 
0.47 0.962310500464622 
0.475 0.963726228800903 
0.48 0.963338256280907 
0.485 0.963483339970795 
0.49 0.96185716182132 
0.495 0.965077157933163 
0.5 0.963354127953278 
0.505 0.965147654124361 
0.51 0.963754064636008 
0.515 0.963853606742319 
0.52 0.966839869931648 
0.525 0.966629064366291 
0.53 0.96840151288942 
0.535 0.972704787498756 
0.54 0.971510401114761 
0.545 0.972103516921035 
0.55 0.969681486396815 
0.555 0.970971016868076 
0.56 0.973545152609308 
0.565 0.97294797922997 
0.57 0.974772675666835 
0.575 0.974375260058253 
0.58 0.982085987261146 
0.585 0.981356157112527 
0.59 0.98092426102246 
0.595 0.977765312359261 
0.6 0.981314940809368 
0.605 0.980784155246735 
0.61 0.979856281919574 
0.615 0.981557037184463 
0.62 0.983813188271195 
0.625 0.98328302762944 
0.63 0.978199353982962 
0.635 0.979758277993709 
0.64 0.979294436906377 
0.645 0.978631628212073 
0.65 0.978333130649803 
0.655 0.977404471567186 
0.66 0.979095957753382 
0.665 0.976177314922298 
0.67 0.975562202014842 
0.675 0.976806272952082 
0.68 0.977304387155133 
0.685 0.976775515577625 
0.69 0.976112856360916 
0.695 0.979055017091827 
0.7 0.97849126315384 
0.705 0.978026995204909 
0.71 0.97759629723418 
0.715 0.976966669044794 
0.72 0.976536477879361 
0.725 0.976153627735775 
0.73 0.975755736559012 
0.735 0.975424638812964 
0.74 0.974894134834184 
0.745 0.975988299290417 
0.75 0.975192543322247 
0.755 0.981028379507136 
0.76 0.980663365603415 
0.765 0.98053073960872 
0.77 0.980298644118003 
0.775 0.980100028325146 
0.78 0.98026580532193 
0.785 0.980033717526432 
0.79 0.980332431603689 
0.795 0.979901425702223 
0.8 0.979503574100871 
0.805 0.980166660103125 
0.81 0.978741025198278 
0.815 0.97850932101403 
0.82 0.979305347349885 
0.825 0.979139586840669 
0.83 0.978907522127766 
0.835 0.978907159425329 
0.84 0.984978227315043 
0.845 0.985376369056484 
0.85 0.985675034689607 
0.855 0.984945736804571 
0.86 0.983851789977017 
0.865 0.983520290938364 
0.87 0.983221941803577 
0.875 0.982890841658255 
0.88 0.98262565121837 
0.885 0.982990683643677 
0.89 0.982659206581889 
0.895 0.980405162561735 
0.9 0.980074177732782 
0.905 0.981864527407298 
0.91 0.979014013651912 
0.915 0.978748849581643 
0.92 0.978384797180605 
0.925 0.976828209440618 
0.93 0.976362988158697 
0.935 0.974468709405458 
0.94 0.976324796376391 
0.945 0.975993811453925 
0.95 0.975695990683842 
0.955 0.975198857485287 
0.96 0.975000004205865 
0.965 0.974801150926443 
0.97 0.974536013220547 
0.975 0.97444264888015 
0.98 0.975436882326163 
0.985 0.98008218996487 
0.99 0.979750778816199 
0.995 0.979220520978326 
1 0.978889809444905 
