len w
0 0
0.005 0.371684289086508 
0.01 0.498300261816392 
0.015 0.562319257993705 
0.02 0.628081753441914 
0.025 0.676916375212249 
0.03 0.708392382391878 
0.035 0.750591238405963 
0.04 0.77801505769772 
0.045 0.79684187071958 
0.05 0.824909717239548 
0.055 0.84618632141852 
0.06 0.855215703728916 
0.065 0.870388891924215 
0.07 0.878707918530161 
0.075 0.894315715017229 
0.08 0.902592373589618 
0.085 0.904002594379327 
0.09 0.911105843860089 
0.095 0.918229999651391 
0.1 0.923612084254289 
0.105 0.931416711458665 
0.11 0.934302908622461 
0.115 0.93776678763267 
0.12 0.940832556155609 
0.125 0.943763006753442 
0.13 0.946149691142859 
0.135 0.949715765182642 
0.14 0.957177944422564 
0.145 0.95690668858698 
0.15 0.960431222817021 
0.155 0.960994032362271 
0.16 0.962698649766014 
0.165 0.965183427449171 
0.17 0.965270317878793 
0.175 0.969725834723021 
0.18 0.971209340827817 
0.185 0.97233476989765 
0.19 0.974413744782043 
0.195 0.975924961587085 
0.2 0.977469002257744 
0.205 0.976966184547875 
0.21 0.978544540737208 
0.215 0.979812754548651 
0.22 0.979861318620483 
0.225 0.980004672056316 
0.23 0.981234870159208 
0.235 0.981170897656653 
0.24 0.98132429408751 
0.245 0.983144021654319 
0.25 0.984051872586442 
0.255 0.984715283643209 
0.26 0.984474719739957 
0.265 0.984523252148806 
0.27 0.985415856360029 
0.275 0.985476097171602 
0.28 0.986435436512671 
0.285 0.985983145148938 
0.29 0.987889082207411 
0.295 0.9869485910577 
0.3 0.986994940477769 
0.305 0.987233843422225 
0.31 0.987859680985715 
0.315 0.988524014452737 
0.32 0.987968658778882 
0.325 0.988073893482727 
0.33 0.989018052574735 
0.335 0.989299773879211 
0.34 0.989177746142615 
0.345 0.989725844264842 
0.35 0.989106962752521 
0.355 0.988756693366148 
0.36 0.989410054682492 
0.365 0.989682232198944 
0.37 0.990588031263913 
0.375 0.990141808281397 
0.38 0.990463810762961 
0.385 0.991756191081447 
0.39 0.991305794775994 
0.395 0.991531990327626 
0.4 0.991405693599731 
0.405 0.99135018026193 
0.41 0.991039405543201 
0.415 0.991482614780243 
0.42 0.991923691795057 
0.425 0.992367256804879 
0.43 0.992191500198673 
0.435 0.992191500198673 
0.44 0.992367256804879 
0.445 0.992873671389619 
0.45 0.993260968112248 
0.455 0.993542309548215 
0.46 0.993373504686635 
0.465 0.993205449359781 
0.47 0.993593397771338 
0.475 0.993537135815673 
0.48 0.993367975639744 
0.485 0.993199189772747 
0.49 0.992706604988321 
0.495 0.992875390855318 
0.5 0.992636570216091 
0.505 0.992967651195499 
0.51 0.992924346051851 
0.515 0.9927057877135 
0.52 0.99270466203359 
0.525 0.993099043211817 
0.53 0.993536623266508 
0.535 0.993930766180579 
0.54 0.993930766180579 
0.545 0.994374753895483 
0.55 0.993987322401117 
0.555 0.993931073104233 
0.56 0.993762325213582 
0.565 0.994094488188976 
0.57 0.994038245219348 
0.575 0.993869516310461 
0.58 0.993757381474608 
0.585 0.9941569528942 
0.59 0.994432259153028 
0.595 0.994769697992239 
0.6 0.994657218379169 
0.605 0.994657218379169 
0.61 0.994769697992239 
0.615 0.994657518839276 
0.62 0.994488808907884 
0.625 0.993876063809845 
0.63 0.993819827166048 
0.635 0.993707353878454 
0.64 0.993820202392685 
0.645 0.993426545886105 
0.65 0.993257835954714 
0.655 0.99326406916508 
0.66 0.993813969182319 
0.665 0.993763965748888 
0.67 0.994038915757508 
0.675 0.994101682875603 
0.68 0.994213774611796 
0.685 0.994213398925041 
0.69 0.99477028622842 
0.695 0.994657819265591 
0.7 0.994601282195479 
0.705 0.994545045551681 
0.71 0.994714052747006 
0.715 0.994376651858517 
0.72 0.994320418377102 
0.725 0.994095484451442 
0.73 0.993927466966545 
0.735 0.993590104020242 
0.74 0.994039921281979 
0.745 0.994438513188373 
0.75 0.994996064320252 
0.755 0.994996064320252 
0.76 0.995052010120888 
0.765 0.995557804768331 
0.77 0.995501827382626 
0.775 0.995445600224909 
0.78 0.995445344129555 
0.785 0.995501574448943 
0.79 0.995501827382626 
0.795 0.995389373067191 
0.8 0.995108237278606 
0.805 0.995052010120888 
0.81 0.994995782963171 
0.815 0.994658420016868 
0.82 0.99443413729128 
0.825 0.994827683139371 
0.83 0.994602799797605 
0.835 0.994490358126722 
0.84 0.994659320890488 
0.845 0.994659621114172 
0.85 0.994434763055821 
0.855 0.994378548541233 
0.86 0.99420990499747 
0.865 0.994159305045308 
0.87 0.994271734074483 
0.875 0.994272021624839 
0.88 0.994159223228696 
0.885 0.994097807757167 
0.89 0.994046800519309 
0.895 0.994046800519309 
0.9 0.993990589164615 
0.905 0.994041596402473 
0.91 0.993929173693086 
0.915 0.993929173693086 
0.92 0.993929514923276 
0.925 0.993816750983699 
0.93 0.993648116919618 
0.935 0.99398538504778 
0.94 0.993929173693086 
0.945 0.993704682142656 
0.95 0.993480215827338 
0.955 0.993260498458931 
0.96 0.993091892827503 
0.965 0.992933028366217 
0.97 0.993199955041025 
0.975 0.993087557603687 
0.98 0.992975949651607 
0.985 0.992920552871109 
0.99 0.99265327254665 
0.995 0.99265327254665 
1 0.992540900370001 
